data_1 <- list(
             c("_addr_1187", "_addr_23813", "_addr_319275"),
             c("_addr_1187", "_addr_23813"),
             c("_addr_1187", "_addr_23813", "_addr_4489275"),
             c("_addr_23813", "_addr_51276758"),
             c("_addr_23813", "_addr_319275", "_addr_51276758"),
             c("_addr_1187", "_addr_4489275", "_addr_51276758"),
             c("_addr_51276758", "_addr_319275"),
             c("_addr_1187", "_addr_23813", "_addr_4489275"),
             c("_addr_319275", "_addr_51276758"),
             c("_addr_1187", "_addr_23813", "_addr_4489275", "_addr_51276758"),
             c("_addr_1187", "_addr_23813", "_addr_319275"),
             c("_addr_51276758", "_addr_23813", "_addr_319275"),
             c("_addr_1187", "_addr_4489275", "_addr_319275"),
             c("_addr_4489275", "_addr_23813", "_addr_319275"),
             c("_addr_4489275", "_addr_1187", "_addr_23813", "_addr_319275"),
             c("_addr_319275", "_addr_23813", "_addr_51276758"),
             c("_addr_23813", "_addr_4489275", "_addr_319275", "_addr_51276758"),
             c("_addr_1187", "_addr_319275", "_addr_51276758"),
             c("_addr_4489275", "_addr_23813", "_addr_51276758"),
             c("_addr_319275", "_addr_51276758")
             );

data_2 <- list(
             c(1187, 23813, 319275),
             c(1187, 23813),
             c(1187, 23813, 4489275),
             c(23813, 51276758),
             c(23813, 319275, 51276758),
             c(1187, 4489275, 51276758),
             c(51276758, 319275),
             c(1187, 23813, 4489275),
             c(319275, 51276758),
             c(1187, 23813, 4489275, 51276758),
             c(1187, 23813, 319275),
             c(51276758, 23813, 319275),
             c(1187, 4489275, 319275),
             c(4489275, 23813, 319275),
             c(4489275, 1187, 23813, 319275),
             c(319275, 23813, 51276758),
             c(23813, 4489275, 319275, 51276758),
             c(1187, 319275, 51276758),
             c(4489275, 23813, 51276758),
             c(319275, 51276758)
             );

data_3 <- list(
             c(1187, 23813, 1187, 319275),
             c(1187, 23813),
             c(1187, 23813, 4489275),
             c(23813, 51276758),
             c(23813, 319275, 51276758),
             c(1187, 4489275, 51276758),
             c(51276758, 319275),
             c(1187, 23813, 4489275),
             c(319275, 51276758),
             c(1187, 23813, 4489275, 51276758),
             c(1187, 23813, 319275),
             c(51276758, 23813, 319275),
             c(1187, 4489275, 319275),
             c(4489275, 23813, 319275),
             c(4489275, 1187, 23813, 319275),
             c(319275, 23813, 51276758),
             c(23813, 4489275, 319275, 51276758),
             c(1187, 319275, 51276758),
             c(4489275, 23813, 51276758),
             c(319275, 51276758)
             );
